0	81.0,76.0
0	81.0,86.0
0	72.0,80.0
0	100.0,87.0
0	96.0,66.0
0	80.0,99.0
0	85.0,74.0
0	88.0,98.0
0	73.0,93.0
0	76.0,94.0
0	87.0,75.0
1	15.0,62.0
1	0.0,82.0
1	8.0,80.0
1	17.0,70.0
1	5.0,76.0
1	20.0,74.0
1	7.0,83.0
1	7.0,86.0
1	16.0,58.0
1	2.0,80.0
1	10.0,77.0
1	13.0,68.0
1	3.0,58.0
1	6.0,73.0
2	23.0,95.0
2	20.0,97.0
2	13.0,93.0
3	61.0,36.0
3	59.0,19.0
3	70.0,23.0
3	53.0,14.0
3	74.0,35.0
3	61.0,50.0
3	66.0,47.0
3	61.0,37.0
3	55.0,22.0
4	45.0,78.0
4	42.0,82.0
4	57.0,93.0
4	44.0,86.0
4	37.0,78.0
4	45.0,74.0
4	55.0,98.0
4	46.0,94.0
4	31.0,74.0
5	86.0,43.0
5	83.0,33.0
5	93.0,47.0
5	99.0,52.0
5	93.0,46.0
5	79.0,43.0
5	99.0,54.0
5	81.0,28.0
5	100.0,60.0
5	96.0,47.0
5	89.0,27.0
6	60.0,68.0
6	72.0,60.0
6	62.0,69.0
6	61.0,82.0
6	58.0,74.0
6	54.0,67.0
6	56.0,68.0
6	57.0,74.0
7	12.0,43.0
7	20.0,37.0
7	37.0,20.0
7	23.0,39.0
7	24.0,33.0
7	5.0,42.0
7	6.0,18.0
7	2.0,43.0
7	17.0,1.0
7	23.0,15.0
7	5.0,36.0
7	7.0,32.0
7	2.0,44.0
7	39.0,29.0
7	37.0,17.0
7	34.0,30.0
7	23.0,38.0
7	38.0,31.0
7	21.0,42.0
7	41.0,25.0
7	19.0,44.0
7	20.0,47.0
8	70.0,12.0
8	93.0,3.0
8	99.0,10.0
8	89.0,6.0
8	75.0,7.0
8	96.0,22.0
9	29.0,60.0
9	37.0,53.0
9	43.0,54.0
9	48.0,42.0
9	49.0,40.0
9	41.0,57.0
9	39.0,54.0
