0	66.0,47.0
0	53.0,14.0
0	49.0,40.0
0	61.0,50.0
0	59.0,19.0
0	37.0,20.0
0	61.0,36.0
0	38.0,31.0
0	48.0,42.0
0	39.0,29.0
0	61.0,37.0
0	55.0,22.0
0	41.0,25.0
0	34.0,30.0
1	57.0,74.0
1	73.0,93.0
1	88.0,98.0
1	61.0,82.0
1	57.0,93.0
1	72.0,80.0
1	46.0,94.0
1	58.0,74.0
1	55.0,98.0
1	80.0,99.0
1	62.0,69.0
1	81.0,86.0
1	76.0,94.0
2	60.0,68.0
2	37.0,78.0
2	56.0,68.0
2	41.0,57.0
2	39.0,54.0
2	43.0,54.0
2	45.0,78.0
2	29.0,60.0
2	42.0,82.0
2	45.0,74.0
2	31.0,74.0
2	54.0,67.0
2	44.0,86.0
2	37.0,53.0
3	99.0,10.0
3	89.0,6.0
3	75.0,7.0
3	70.0,12.0
3	93.0,3.0
4	23.0,15.0
4	17.0,1.0
4	37.0,17.0
4	6.0,18.0
5	93.0,46.0
5	81.0,76.0
5	100.0,87.0
5	72.0,60.0
5	99.0,52.0
5	87.0,75.0
5	93.0,47.0
5	85.0,74.0
5	99.0,54.0
5	96.0,66.0
5	100.0,60.0
5	96.0,47.0
6	6.0,73.0
6	7.0,83.0
6	7.0,86.0
6	13.0,68.0
6	17.0,70.0
6	5.0,76.0
6	15.0,62.0
6	8.0,80.0
6	0.0,82.0
6	3.0,58.0
6	10.0,77.0
6	2.0,80.0
6	20.0,74.0
7	23.0,38.0
7	2.0,43.0
7	20.0,47.0
7	21.0,42.0
7	20.0,37.0
7	12.0,43.0
7	16.0,58.0
7	5.0,36.0
7	5.0,42.0
7	24.0,33.0
7	2.0,44.0
7	19.0,44.0
7	23.0,39.0
7	7.0,32.0
8	79.0,43.0
8	70.0,23.0
8	86.0,43.0
8	74.0,35.0
8	96.0,22.0
8	89.0,27.0
8	81.0,28.0
8	83.0,33.0
9	13.0,93.0
9	23.0,95.0
9	20.0,97.0
