0	74.0,35.0
0	61.0,36.0
0	83.0,33.0
0	61.0,37.0
0	81.0,28.0
0	66.0,47.0
0	61.0,50.0
0	79.0,43.0
0	70.0,23.0
1	76.0,94.0
1	100.0,87.0
1	73.0,93.0
1	88.0,98.0
1	80.0,99.0
1	81.0,86.0
2	15.0,62.0
2	8.0,80.0
2	0.0,82.0
2	2.0,80.0
2	3.0,58.0
2	10.0,77.0
2	7.0,83.0
2	7.0,86.0
2	13.0,68.0
2	13.0,93.0
2	17.0,70.0
2	23.0,95.0
2	6.0,73.0
2	16.0,58.0
2	20.0,74.0
2	20.0,97.0
2	5.0,76.0
3	37.0,17.0
3	49.0,40.0
3	38.0,31.0
3	55.0,22.0
3	39.0,29.0
3	34.0,30.0
3	41.0,25.0
3	37.0,20.0
3	53.0,14.0
3	59.0,19.0
3	48.0,42.0
4	6.0,18.0
4	5.0,36.0
4	23.0,38.0
4	5.0,42.0
4	12.0,43.0
4	20.0,47.0
4	7.0,32.0
4	23.0,39.0
4	19.0,44.0
4	24.0,33.0
4	2.0,43.0
4	17.0,1.0
4	21.0,42.0
4	2.0,44.0
4	20.0,37.0
4	23.0,15.0
5	93.0,3.0
5	89.0,6.0
5	89.0,27.0
5	99.0,10.0
5	75.0,7.0
5	96.0,22.0
5	70.0,12.0
6	37.0,53.0
6	39.0,54.0
6	43.0,54.0
6	37.0,78.0
6	57.0,74.0
6	41.0,57.0
6	62.0,69.0
6	29.0,60.0
6	54.0,67.0
6	60.0,68.0
6	58.0,74.0
6	45.0,74.0
6	45.0,78.0
6	31.0,74.0
6	56.0,68.0
7	93.0,47.0
7	100.0,60.0
7	96.0,66.0
7	99.0,54.0
7	96.0,47.0
7	93.0,46.0
7	99.0,52.0
7	86.0,43.0
8	57.0,93.0
8	55.0,98.0
8	46.0,94.0
8	61.0,82.0
8	44.0,86.0
8	42.0,82.0
9	72.0,80.0
9	72.0,60.0
9	87.0,75.0
9	85.0,74.0
9	81.0,76.0
