0	80.0,99.0
0	76.0,94.0
0	93.0,46.0
0	60.0,68.0
0	70.0,23.0
0	79.0,43.0
0	88.0,98.0
0	83.0,33.0
0	86.0,43.0
0	73.0,93.0
0	58.0,74.0
0	96.0,47.0
0	61.0,36.0
0	87.0,75.0
0	100.0,60.0
0	96.0,66.0
0	99.0,54.0
0	89.0,27.0
0	62.0,69.0
0	81.0,86.0
0	61.0,82.0
0	72.0,60.0
0	81.0,28.0
0	57.0,74.0
0	56.0,68.0
0	93.0,3.0
0	85.0,74.0
0	81.0,76.0
0	96.0,22.0
0	70.0,12.0
0	93.0,47.0
0	72.0,80.0
0	66.0,47.0
0	99.0,52.0
0	61.0,37.0
0	89.0,6.0
0	54.0,67.0
0	75.0,7.0
0	100.0,87.0
0	74.0,35.0
0	99.0,10.0
0	61.0,50.0
1	37.0,53.0
1	39.0,54.0
1	43.0,54.0
1	38.0,31.0
1	23.0,38.0
1	34.0,30.0
1	41.0,57.0
1	37.0,17.0
1	39.0,29.0
1	2.0,44.0
1	49.0,40.0
1	23.0,15.0
1	6.0,18.0
1	5.0,42.0
1	12.0,43.0
1	55.0,22.0
1	20.0,47.0
1	19.0,44.0
1	41.0,25.0
1	37.0,20.0
1	23.0,39.0
1	24.0,33.0
1	48.0,42.0
1	2.0,43.0
1	17.0,1.0
1	7.0,32.0
1	53.0,14.0
1	59.0,19.0
1	21.0,42.0
1	20.0,37.0
1	5.0,36.0
2	46.0,94.0
2	31.0,74.0
2	17.0,70.0
2	13.0,93.0
2	37.0,78.0
2	3.0,58.0
2	44.0,86.0
2	42.0,82.0
2	10.0,77.0
2	2.0,80.0
2	29.0,60.0
2	6.0,73.0
2	13.0,68.0
2	7.0,86.0
2	55.0,98.0
2	20.0,74.0
2	7.0,83.0
2	20.0,97.0
2	57.0,93.0
2	45.0,78.0
2	15.0,62.0
2	8.0,80.0
2	16.0,58.0
2	23.0,95.0
2	0.0,82.0
2	5.0,76.0
2	45.0,74.0
