0	16.0,58.0
0	23.0,39.0
0	24.0,33.0
0	2.0,43.0
0	3.0,58.0
0	7.0,32.0
0	20.0,37.0
0	29.0,60.0
0	2.0,44.0
0	21.0,42.0
0	6.0,18.0
0	5.0,42.0
0	12.0,43.0
0	20.0,47.0
0	19.0,44.0
0	23.0,38.0
0	5.0,36.0
1	13.0,68.0
1	5.0,76.0
1	0.0,82.0
1	7.0,86.0
1	2.0,80.0
1	20.0,97.0
1	31.0,74.0
1	17.0,70.0
1	23.0,95.0
1	37.0,78.0
1	20.0,74.0
1	6.0,73.0
1	7.0,83.0
1	13.0,93.0
1	10.0,77.0
1	15.0,62.0
1	8.0,80.0
2	72.0,60.0
2	88.0,98.0
2	55.0,98.0
2	62.0,69.0
2	56.0,68.0
2	85.0,74.0
2	42.0,82.0
2	57.0,74.0
2	73.0,93.0
2	72.0,80.0
2	58.0,74.0
2	57.0,93.0
2	54.0,67.0
2	46.0,94.0
2	87.0,75.0
2	76.0,94.0
2	81.0,86.0
2	61.0,82.0
2	45.0,78.0
2	60.0,68.0
2	80.0,99.0
2	81.0,76.0
2	44.0,86.0
2	45.0,74.0
2	100.0,87.0
3	37.0,53.0
3	39.0,54.0
3	43.0,54.0
3	38.0,31.0
3	34.0,30.0
3	41.0,57.0
3	37.0,17.0
3	39.0,29.0
3	49.0,40.0
3	23.0,15.0
3	61.0,37.0
3	55.0,22.0
3	41.0,25.0
3	61.0,36.0
3	37.0,20.0
3	48.0,42.0
3	17.0,1.0
3	61.0,50.0
3	53.0,14.0
3	59.0,19.0
4	100.0,60.0
4	96.0,66.0
4	81.0,28.0
4	99.0,54.0
4	79.0,43.0
4	75.0,7.0
4	93.0,46.0
4	70.0,23.0
4	86.0,43.0
4	99.0,52.0
4	99.0,10.0
4	93.0,47.0
4	96.0,22.0
4	70.0,12.0
4	93.0,3.0
4	89.0,27.0
4	83.0,33.0
4	66.0,47.0
4	74.0,35.0
4	89.0,6.0
4	96.0,47.0
