(191499,2480)
(353560,2218)
(1059899,1908)
(713695,1738)
(655904,1659)
(67897,1557)
(221663,1513)
(1039919,1463)
(454937,1371)
(514725,1347)
(783997,1342)
(81360,1339)
(823766,1332)
(107407,1303)
(936203,1258)
(889095,1251)
(770668,1241)
(349999,1213)
(698879,1205)
(186456,1150)
(671759,1145)
(315345,1051)
(729259,1007)
(946001,1002)
(181387,1001)
(926069,991)
(28895,977)
(89953,962)
(413046,954)
(944554,943)
(617878,902)
(676215,869)
(213297,852)
(15207,840)
(49881,828)
(48664,825)
(513855,825)
(179830,818)
(441588,806)
(939915,793)
(981145,791)
(764906,782)
(1025501,771)
(147751,758)
(3001,755)
(343432,751)
(141675,750)
(100215,737)
(722301,732)
(678194,723)
(526229,720)
(952198,718)
(1100222,710)
(1102377,704)
(605027,700)
(201405,699)
(846908,694)
(758374,692)
(15173,692)
(335720,691)
(110347,685)
(834362,683)
(950987,679)
(399879,676)
(81901,673)
(487805,660)
(203050,657)
(1075577,651)
(173776,644)
(276750,642)
(779070,640)
(209821,638)
(796566,636)
(235204,635)
(735931,632)
(986262,629)
(318890,626)
(886674,616)
(386646,610)
(28186,608)
(376482,604)
(717309,598)
(554408,595)
(772645,593)
(992011,593)
(784134,587)
(472166,584)
(825218,584)
(293244,574)
(982357,573)
(918348,570)
(566407,568)
(419724,553)
(256896,552)
(893999,548)
(82431,545)
(870470,545)
(1093758,540)
(800025,534)
(1112049,533)
