(4044,6618)
(1102,3418)
(3491,3347)
(3828,3246)
(2385,3179)
(4173,3143)
(3734,3130)
(798,2909)
(4976,2894)
(422,2824)
(1892,2731)
(1535,2683)
(4282,2599)
(4760,2571)
(4644,2557)
(1393,2387)
(184,2336)
(598,2321)
(3760,2105)
(4043,2018)
(375,1916)
(2537,1898)
(1760,1892)
(2482,1875)
(3698,1874)
(4659,1798)
(2138,1797)
(606,1713)
(1257,1708)
(4218,1636)
(4538,1608)
(3826,1576)
(2031,1559)
(141,1556)
(4918,1518)
(420,1502)
(962,1470)
(4079,1445)
(2813,1441)
(2223,1432)
(66,1411)
(2403,1411)
(2217,1401)
(1816,1396)
(173,1395)
(742,1365)
(1056,1332)
(2418,1315)
(2669,1307)
(4048,1305)
(2468,1304)
(4845,1256)
(4648,1232)
(1861,1225)
(4818,1189)
(2273,1183)
(4766,1175)
(3022,1160)
(474,1156)
(2336,1142)
(2545,1138)
(361,1120)
(2954,1098)
(1087,1092)
(4871,1088)
(4798,1085)
(1346,1080)
(3578,1055)
(4605,1043)
(3971,1041)
(4847,1024)
(2823,1002)
(2676,984)
(4127,980)
(1480,978)
(1,971)
(4160,954)
(4129,951)
(2193,945)
(310,932)
(1727,932)
(4257,924)
(2664,923)
(1310,912)
(1200,907)
(1487,883)
(3859,880)
(3163,874)
(2206,867)
(3623,866)
(2928,866)
(3173,854)
(2318,851)
(4287,850)
(4427,847)
(1867,844)
(2677,830)
(786,830)
(3159,805)
(643,799)
